UNAHUR	9780131103525	44	20250311
FCE	9780131103627	56	20250412
FADU	9780262033848	25	20250215
UNLAM	9780112387532	84	20250125
UNAHUR	9780131103525	45	20250310
UNAHUR	9780131103525	46	20250309
FCE	9780131103627	57	20250411
FCE	9780131103627	58	20250410
FADU	9780262033848	26	20250214
FADU	9780262033848	27	20250213
UNLAM	9780112387532	85	20250124
UNLAM	9780112387532	86	20250123
UNAHUR	9780131103525	47	20250308
FCE	9780131103627	59	20250409
FADU	9780262033848	28	20250212
UNLAM	9780112387532	87	20250122
UNAHUR	9780131103525	48	20250307
FCE	9780131103627	60	20250408
FADU	9780262033848	29	20250211
UNLAM	9780112387532	88	20250121